1196768099799900000
1196768111115950000
1196768186286390000
1196768186286390000
1196768355102770000
1196768386262430000
1196768558186810000
1196768600998210000
1196768600998210000
1196768600998210000
1196768600998210000
1196768670321650000
1196768700432390000
1196768719340310000
1196768790542820000
1196768790542820000
1196768910332370000
1196768929676500000
1196768986219860000
1196769071703960000
1196769200230060000
1196769239681680000
1196769269394130000
1196769432623830000
1196769432716100000
1196769521891200000
1196769560076140000
1197443525924800000
1197443964628060000
1197444119381070000
1197444298720990000
1197444342496940000
1197444480649060000
1197444503969380000
1197444605920370000
1197444623007790000
1197444666033160000
1197444707791620000
1197444779761500000
1197444812556730000
1197445002965780000
1197445010175740000
1197445232004100000
1197445298978800000
1197445324819690000
1197445341479600000
1197445398375390000
1197445399641920000
1197445473059140000
1197445525567500000
1197445575215650000
1197445814596990000
1198138306372020000
1198138358041650000
1198138397367370000
1198138409082090000
1198138578179690000
1198138804487570000
1198138978505040000
1198139070473550000
1198139353609850000
1198139465912530000
1198139532891300000
1198139666517640000
1198139865117970000
1198139878917190000
1198140347483730000
1198140377603170000
1198140416635260000
1198140549225600000
1198178967989230000
1198178967989230000
1198179146540540000
1198179178811540000
1198179212294850000
1198179314186850000
1198179394436710000
1198179406390250000
1198179441194780000
1198179607473610000
1198179709756040000
1198179730618490000
1198179774364970000
