1196808381459250000
1196819226755050000
1196830750949160000
1196830750949160000
1196831536378720000
1196836152826880000
1196982518660180000
1197031507392710000
1197037292239630000
1197044118519730000
1197060975603650000
1197062655095260000
1197063217576630000
1197063299113910000
1197063983662030000
1197076113190730000
1197077802224370000
1197078858325000000
1197081066445640000
1197447804693690000
1197456731305100000
1197467788828460000
1197468956161980000
1197477518972000000
1197478982024880000
1197479873557810000
1197490501970260000
1197493492278270000
1197506720655980000
1197514837510820000
1197522939094220000
1197523936902290000
1197527242097810000
1197549829846650000
1197554515341430000
1197557413886460000
1197904627263560000
1197906752068560000
1197916779085020000
1197920049983610000
1197930214980030000
1197970179269030000
1197977486572900000
1197982130187460000
1197995530401520000
1197998910045860000
1198004423139740000
1198012024418130000
1198020050432810000
1198020294377650000
1198119523267870000
1198139247238240000
1198142680057990000
1198200550208220000
1198203510967470000
1198207559024420000
1198210337117530000
1196781512043180000
1196790018473410000
1196803043951560000
1196805141875350000
1196807612374880000
1196814113432910000
1196815937451780000
1196816396077990000
1196817803191480000
1196822312349240000
1196834076461860000
1197008792157860000
1197043514900720000
1197044160651510000
1197048901322330000
1197049693857030000
1197057737970060000
1197062252081410000
1197068709917070000
1197073778502770000
1197074325704200000
1197075393951520000
1197080844395070000
1197090889551750000
1197097372628780000
1197099422280290000
1197101490533550000
1197444388852510000
1197450232965020000
1197484559639690000
1197496173336190000
1197499401561940000
1197506475066830000
1197508223944810000
1197539793355360000
1197545813007840000
1197551341800960000
1197563168031050000
1197903248830660000
1197903790332170000
1197908324500560000
1197912798635970000
1197919112070090000
1197919582520010000
1197924719590290000
1197935799368600000
1197941283580470000
1197954789277090000
1197963068183130000
1197970179269030000
1197975184709510000
1197980381053630000
1197980643302490000
1197990764690710000
1198037086210870000
1198117389004670000
1198136061005910000
1198179251717120000
1198185361807170000
1198187242625390000
1198217717653920000
1198222446953950000
1196781740355920000
1196803551466600000
1196809974372030000
1196812967314150000
1196813354519710000
1196819645640130000
1196837567334890000
1197038182304560000
1197061337060380000
1197102870962880000
1197450611526120000
1197483787317330000
1197487501952340000
1197489465578660000
1197496987165300000
1197503758017680000
1197535223614970000
1197547821949500000
1197567601548910000
1197902754024490000
1197903445430300000
1197924109373620000
1197970179269030000
1197977060951690000
1197984174545780000
1197993595870930000
1198010884578270000
1198015193722300000
1198022595918080000
1198198506072280000
1198221848376420000
1196822447955300000
1196832731763790000
1196982518660180000
1197046814807080000
1197060975603650000
1197061709111920000
1197064322066900000
1197081353478650000
1197082396899840000
1197083611851380000
1197084163012270000
1197100964873940000
1197460658171900000
1197476886206650000
1197478706207490000
1197480313083060000
1197482015865620000
1197487259618070000
1197487729128430000
1197495160550110000
1197518641375280000
1197522011121170000
1197529225911320000
1197530513239610000
1197566469472760000
1197903426077760000
1197937819861340000
1197947739293780000
1197976839299510000
1198004299650990000
1198011158638270000
1198127308453950000
1198142015986370000
1198181728294230000
1198219399800510000
