1196367503187959808
1196367694687326208
1196367947905863680
1196369276262928384
1196372173302226944
1196372833284308992
1196374037674577920
1196374078770290688
1196374731034972160
1196376493586362368
1196377358133059584
1196380955981893632
1196381831039537152
1196382424583811072
1196382851173961728
1196384069405347840
1196385355349610496
1196388003121377280
1196388638713618432
1196389373018877952
1196389600241102848
1196390578776420352
1196391430828285952
1196392030198550528
1196393338737442816
1196394217104388096
1196394667274907648
1196394762066170112
1196396311970496512
1196397129843052288
1196397455966953472
1196398447227817984
1196400790023364608
1196403902083739648
1196403980684926976
1196407189130399488
1196407206033469440
1196407591771025408
1196408689013481472
1196410259633582080
1196411516792266752
1196412319313669888
1196415543630278912
1196415552685780992
1196777353399152640
1196777782522470400
1196778194822713088
1196778413475979264
1196779850645815296
1196780809161707520
1196781601230925824
1196782151750037504
1196782182754406400
1196784556164239360
1196784626250838016
1196786579064397824
1196788229099413504
1196789115120996352
1196790598386274304
1196791599583432704
1196792202439073792
1196792946055622912
1196793565768278016
1196793664749608960
1196794262823874560
1196797969091252224
1196800165161644032
1196801377860763648
1196801706916564992
1196801809714688000
1196802431537090560
1196802540421230592
1196802689436442624
1196804534942736384
1196805096778207232
1196805148485603328
1196807616841895936
1196809098953670912
1196810743821279232
1196817261962633216
1196818490281385984
1197179839939305472
1197180006558031872
1197181068425736192
1197182332035305472
1197182353489223680
1197186246742872064
1197187354634657792
1197187830180646912
1197188018672525312
1197189805341380608
1197189837847179264
1197192613104963584
1197194686143840512
1197195318951063552
1197196373852131328
1197202062922199040
1197202544763817984
1197203209279938560
1197206923193528320
1197207031175888896
1197208398112141312
1197208703541424128
1197208747149594624
1197208886572437504
1197208917446713088
1197211264197550080
1197214271517679616
1197216078356795392
1197216225664937984
1197217438804393984
1197218593034964992
1197221073810575360
1197222039670669312
1197590295443058688
1197591087210205184
1197591759439699968
1197592563844292608
1197592972675735552
1197593258299396096
1197593639750377472
1197594348654940160
1197595486087192576
1197596573846425600
1197596756621627392
1197596850288779264
1197597834339651584
1197598057208131584
1197598772391501824
1197598913605308416
1197598940012728320
1197599382121648128
1197599969546588160
1197600122504458240
1197601128885751808
